1000000 0.13556647300720215
10000000 4.038461208343506
11000000 3.945992946624756
12000000 6.032313108444214
13000000 2.7703185081481934
14000000 3.7981386184692383
15000000 5.3633129596710205
16000000 3.293118476867676
17000000 5.251177787780762
18000000 6.437326192855835
19000000 4.57231879234314
2000000 0.18716168403625488
20000000 6.459689140319824
21000000 1.3931381702423096
22000000 1.4478509426116943
23000000 1.5988109111785889
24000000 1.6419341564178467
25000000 0.8432884216308594
26000000 0.8924458026885986
27000000 0.9391276836395264
28000000 0.9628536701202393
29000000 16.505087852478027
3000000 0.4559168815612793
30000000 12.011455059051514
31000000 15.615734338760376
32000000 7.303077459335327
33000000 12.220931768417358
34000000 7.689241170883179
35000000 13.138186693191528
36000000 15.507799625396729
37000000 16.34209632873535
38000000 18.302896738052368
39000000 18.97802233695984
4000000 0.2099759578704834
40000000 16.99249815940857
41000000 16.214694023132324
42000000 14.137502908706665
43000000 1.4590442180633545
44000000 18.341961145401
45000000 18.08434748649597
46000000 26.984782934188843
47000000 23.825514316558838
48000000 12.105761051177979
49000000 27.155980825424194
5000000 2.8002700805664062
50000000 27.68873381614685
51000000 23.955433130264282
52000000 25.340505123138428
53000000 24.462496280670166
54000000 27.317505836486816
55000000 21.452163457870483
56000000 25.043204307556152
57000000 22.93757390975952
58000000 24.67531704902649
59000000 24.540959119796753
6000000 2.061957597732544
60000000 27.59873390197754
61000000 15.289289712905884
67000000 28.1545832157135
7000000 2.5308525562286377
70000000 13.658133745193481
72000000 28.424959421157837
73000000 24.524163007736206
74000000 26.898001432418823
76000000 21.457560062408447
77000000 15.063305616378784
79000000 17.698981285095215
8000000 5.321608066558838
81000000 27.326930284500122
85000000 31.13064193725586
9000000 5.593186855316162
90000000 20.1779146194458
94000000 21.76272416114807
95000000 20.791393041610718
96000000 9.995742321014404
97000000 20.030625104904175
98000000 10.275917291641235
99000000 21.92875599861145
